%YAML:1.0
---
mtx_l: !!opencv-matrix
   rows: 3
   cols: 3
   dt: d
   data: [ 4.7039062844305454e+02, -1.5632338409307947e-01,
       6.0264980464436655e+02, 0., 4.8942643428277233e+02,
       3.6179857728068015e+02, 0., 0., 1. ]
dist_l: !!opencv-matrix
   rows: 4
   cols: 1
   dt: d
   data: [ 4.7133030285273318e-02, -1.8394807147092587e-02,
       7.3662248412010092e-03, -5.4419461324496459e-04 ]
mtx_r: !!opencv-matrix
   rows: 3
   cols: 3
   dt: d
   data: [ 4.7025283538450759e+02, -1.8443989336497231e+00,
       6.0229993156152659e+02, 0., 4.8875833870240945e+02,
       3.7490411558958289e+02, 0., 0., 1. ]
dist_r: !!opencv-matrix
   rows: 4
   cols: 1
   dt: d
   data: [ 4.9451425442158525e-02, -3.1953161509020125e-02,
       2.8620489649956664e-02, -1.0324489698329399e-02 ]
R: !!opencv-matrix
   rows: 3
   cols: 3
   dt: d
   data: [ 9.9968128730195038e-01, -4.8757503740879521e-04,
       2.5240564353800416e-02, 3.9441272753450022e-04,
       9.9999309264336433e-01, 3.6958225282363115e-03,
       -2.5242191999028198e-02, -3.6846894228355336e-03,
       9.9967457445257735e-01 ]
T: !!opencv-matrix
   rows: 3
   cols: 1
   dt: d
   data: [ 6.5692763613455639e+01, 2.9163052546633757e-02,
       -5.6652275535530128e-01 ]
E: !!opencv-matrix
   rows: 11
   cols: 3
   dt: d
   data: [ 2.9428780800357512e-01, -4.4826283071500544e-01,
       1.5208407594147924e+00, 2.7333302648052410e-01,
       -5.8983511903849084e-01, 2.5201860183208642e-02,
       5.4008407415452797e-01, 1.2731714789525946e-02,
       1.5696418670360655e+00, 4.1263360033533231e-01,
       8.9020101599992518e-02, 1.0676231194080928e-01,
       3.5042671080293653e-01, 1.1963406826917215e-01,
       1.1279646166177476e-01, 3.3247965736111290e-01,
       9.2483712733039347e-01, 2.6056600669982499e-01,
       1.1849021002270689e-01, -3.2881108522954589e-01,
       1.3615578531175584e-01, 1.3223601221467179e-02,
       -7.2131267700747403e-01, 1.4903639526245096e+00,
       4.7980447184349651e-01, 3.1788393076929011e-01,
       1.6971816154006245e-01, 4.5933920959751517e-01,
       5.0372899174925234e-01, 2.8372677882878344e-01,
       3.7724807504989183e-01, -5.2738063244496403e-01,
       1.4838795323785754e+00 ]
F: !!opencv-matrix
   rows: 11
   cols: 3
   dt: d
   data: [ -2.3469843045556317e+02, -5.7943800624787218e+02,
       1.0971343934117235e+03, -5.1447349136908406e+02,
       -3.1470172851779625e+02, 5.9325591632102135e+02,
       2.5535024707108548e+01, -3.8071218898000677e+02,
       8.6178923220098147e+02, -2.7404204429907338e+02,
       -4.1836739872454388e+02, 7.7295452109097357e+02,
       -2.3047026089114868e+02, -3.4206071722503606e+02,
       6.7105155100250067e+02, 3.1130275913544932e+02,
       -3.0973107251567723e+02, 6.5723857367051198e+02,
       -3.4289404609298873e+02, -2.4789237672131429e+02,
       1.0061527138551797e+03, -1.8597203668406786e+02,
       -1.7479432178500142e+02, 4.7628428895565571e+02,
       -2.3085489290095349e+01, -2.2621645256279618e+02,
       4.8137005651221557e+02, 1.5942435509037975e+02,
       -2.2271089572120738e+02, 4.4023892199267408e+02,
       -9.8858175940317977e+01, -2.7764610137704574e+02,
       3.7138819760424809e+02 ]
R1: !!opencv-matrix
   rows: 3
   cols: 3
   dt: d
   data: [ 1., 0., 0., 0., 1., 0., 0., 0., 1. ]
R2: !!opencv-matrix
   rows: 3
   cols: 3
   dt: d
   data: [ 1., 0., 0., 0., 1., 0., 0., 0., 1. ]
P1: !!opencv-matrix
   rows: 3
   cols: 4
   dt: d
   data: [ 4.7032173191378104e+02, 0., 6.0247486810294663e+02, 0., 0.,
       4.8909238649259089e+02, 3.6835134643513152e+02, 0., 0., 0., 1.,
       0. ]
P2: !!opencv-matrix
   rows: 3
   cols: 4
   dt: d
   data: [ 4.7032173191378104e+02, 0., 6.0247486810294663e+02,
       -3.0570912574395767e+04, 0., 4.8909238649259089e+02,
       3.6835134643513152e+02, 0., 0., 0., 1., 0. ]
Q: !!opencv-matrix
   rows: 4
   cols: 4
   dt: d
   data: [ 1., 0., 0., -6.0247486810294663e+02, 0., 1., 0.,
       -3.6835134643513152e+02, 0., 0., 0., 4.7032173191378104e+02, 0.,
       0., -1.5384615384615385e-02, 0. ]
rms: !!opencv-matrix
   rows: 1
   cols: 1
   dt: d
   data: [ 5.0809033489927136e-01 ]
